304
915
515
604
784
646
638
923
232
200
476
92
942
820
350
386
460
712
927
581
375
481
784
686
404
232
463
961
598
282
892
906
947
249
936
321
332
28
900
686
797
271
935
505
501
833
711
305
567
297
707
583
931
103
458
980
252
948
394
621
619
39
87
943
492
973
603
518
310
899
65
193
953
665
668
588
805
843
105
835
297
572
999
193
935
956
722
726
440
218
805
202
15
482
877
404
639
81
494
407
714
244
296
812
321
345
666
446
425
671
628
43
965
940
491
684
367
747
354
634
470
763
719
382
133
278
507
171
976
57
723
419
426
246
416
399
590
788
404
99
757
209
193
121
959
57
589
903
882
881
745
914
11
142
576
481
297
166
395
447
22
689
564
668
909
960
884
299
823
827
683
925
755
830
972
292
782
112
580
610
949
258
352
759
271
887
696
136
930
572
84
168
833
853
983
650
822
657
315
316
306
526
197
183
474
550
599
412
133
66
66
215
118
924
509
314
494
442
836
248
822
884
778
569
149
142
431
531
129
980
968
494
53
944
516
796
259
937
690
590
257
12
382
566
458
15
639
245
34
540
367
570
411
607
160
171
249
529
873
404
833
68
258
520
273
956
246
474
842
916
333
154
762
987
541
89
820
815
903
797
905
37
871
264
362
651
892
710
931
771
812
377
346
398
705
550
359
160
910
436
37
945
493
915
900
926
861
222
111
660
659
958
878
350
757
564
198
57
436
400
479
560
442
155
926
832
187
997
898
874
283
917
454
601
366
233
21
670
330
146
698
699
164
258
40
992
608
695
511
758
951
235
568
229
745
487
986
138
327
724
116
307
377
709
722
683
940
214
450
456
118
533
613
828
647
720
598
539
203
701
276
978
691
341
992
922
614
174
835
632
871
238
107
736
552
308
791
112
568
390
644
572
766
205
955
477
42
216
661
394
895
949
290
724
425
981
609
872
723
895
706
371
895
23
451
2
896
379
143
332
590
288
934
527
633
18
460
645
792
998
733
31
386
211
233
896
162
155
808
665
296
909
255
681
959
741
491
308
611
143
900
390
549
197
775
475
328
370
975
965
288
300
340
134
963
749
765
757
180
964
217
415
492
489
139
415
261
181
17
674
267
334
20
395
270
187
433
752
930
293
753
550
512
299
914
994
310
900
934
650
2
36
898
927
188
622
231
804
461
455
841
744
358
640
245
83
84
260
505
915
344
182
382
329
294
653
872
438
126
270
57
656
335
17
14
302
654
688
271
370
597
668
373
561
365
196
812
70
531
313
9
816
708
44
623
419
536
248
922
413
296
833
50
215
470
934
554
939
568
749
841
912
26
612
303
119
914
938
214
145
512
692
946
821
677
841
434
779
927
449
273
962
444
650
121
579
944
919
304
651
241
511
562
938
663
461
738
92
832
832
452
826
749
730
20
134
452
395
886
514
600
320
866
786
755
104
165
364
695
743
742
299
402
20
272
920
68
111
537
289
469
971
818
255
614
714
30
890
10
916
340
847
177
808
349
649
525
331
774
217
395
932
586
529
201
267
780
289
395
573
131
508
877
745
599
963
323
955
262
846
655
848
108
228
116
765
388
747
303
480
112
489
408
150
282
59
75
590
672
76
930
635
776
655
425
633
862
732
549
803
214
90
930
37
759
240
408
930
993
682
362
723
473
432
939
676
586
2
32
703
634
234
69
921
10
222
722
877
148
392
37
592
603
666
759
56
844
250
919
161
100
656
227
373
748
721
52
740
337
513
958
616
337
532
687
770
776
684
814
292
813
973
365
976
117
823
917
527
317
347
943
876
694
363
246
616
236
458
642
193
844
993
324
231
768
608
627
613
438
623
184
361
493
96
203
896
584
284
642
487
864
948
142
898
41
513
908
28
774
698
827
864
361
479
874
195
877
985
413
711
391
815
111
753
943
371
300
73
364
117
671
508
779
639
480
449
928
9
194
452
772
999
4
349
359
740
72
400
296
997
113
626
610
277
706
133
794
533
600
651
190
2
847
203
358
786
852
917
610
314
649
832
192
434
691
982
294
78
293
92
744
285
982
403
480
356
700
21
110
153
790
879
792
752
366
681
801
387
619
319
785
332
683
721
376
113
772
297
358
499
287
416
541
906
527
21
753
161
893
979
241
826
354
103
499
381
832
966
210
753
702
889
750
195
669
479
385
508
178
689
661
130
757
822
320
893
200
690
834
889
304
266
966
518
656
344
660
819
0
724
370
128
195
566
731
630
381
502
520
173
139
534
527
343
873
906
501
158
465
465
774
304 915 515 604 784 646 638 923 232 200 476 92 942 820 350 386 460 712 927 581 375 481 784 686 404 232 463 961 598 282 892 906 947 249 936 321 332 28 900 686 797 271 935 505 501 833 711 305 567 297 707 583 931 103 458 980 252 948 394 621 619 39 87 943 492 973 603 518 310 899 65 193 953 665 668 588 805 843 105 835 297 572 999 193 935 956 722 726 440 218 805 202 15 482 877 404 639 81 494 407 714 244 296 812 321 345 666 446 425 671 628 43 965 940 491 684 367 747 354 634 470 763 719 382 133 278 507 171 976 57 723 419 426 246 416 399 590 788 404 99 757 209 193 121 959 57 589 903 882 881 745 914 11 142 576 481 297 166 395 447 22 689 564 668 909 960 884 299 823 827 683 925 755 830 972 292 782 112 580 610 949 258 352 759 271 887 696 136 930 572 84 168 833 853 983 650 822 657 315 316 306 526 197 183 474 550 599 412 133 66 66 215 118 924 509 314 494 442 836 248 822 884 778 569 149 142 431 531 129 980 968 494 53 944 516 796 259 937 690 590 257 12 382 566 458 15 639 245 34 540 367 570 411 607 160 171 249 529 873 404 833 68 258 520 273 956 246 474 842 916 333 154 762 987 541 89 820 815 903 797 905 37 871 264 362 651 892 710 931 771 812 377 346 398 705 550 359 160 910 436 37 945 493 915 900 926 861 222 111 660 659 958 878 350 757 564 198 57 436 400 479 560 442 155 926 832 187 997 898 874 283 917 454 601 366 233 21 670 330 146 698 699 164 258 40 992 608 695 511 758 951 235 568 229 745 487 986 138 327 724 116 307 377 709 722 683 940 214 450 456 118 533 613 828 647 720 598 539 203 701 276 978 691 341 992 922 614 174 835 632 871 238 107 736 552 308 791 112 568 390 644 572 766 205 955 477 42 216 661 394 895 949 290 724 425 981 609 872 723 895 706 371 895 23 451 2 896 379 143 332 590 288 934 527 633 18 460 645 792 998 733 31 386 211 233 896 162 155 808 665 296 909 255 681 959 741 491 308 611 143 900 390 549 197 775 475 328 370 975 965 288 300 340 134 963 749 765 757 180 964 217 415 492 489 139 415 261 181 17 674 267 334 20 395 270 187 433 752 930 293 753 550 512 299 914 994 310 900 934 650 2 36 898 927 188 622 231 804 461 455 841 744 358 640 245 83 84 260 505 915 344 182 382 329 294 653 872 438 126 270 57 656 335 17 14 302 654 688 271 370 597 668 373 561 365 196 812 70 531 313 9 816 708 44 623 419 536 248 922 413 296 833 50 215 470 934 554 939 568 749 841 912 26 612 303 119 914 938 214 145 512 692 946 821 677 841 434 779 927 449 273 962 444 650 121 579 944 919 304 651 241 511 562 938 663 461 738 92 832 832 452 826 749 730 20 134 452 395 886 514 600 320 866 786 755 104 165 364 695 743 742 299 402 20 272 920 68 111 537 289 469 971 818 255 614 714 30 890 10 916 340 847 177 808 349 649 525 331 774 217 395 932 586 529 201 267 780 289 395 573 131 508 877 745 599 963 323 955 262 846 655 848 108 228 116 765 388 747 303 480 112 489 408 150 282 59 75 590 672 76 930 635 776 655 425 633 862 732 549 803 214 90 930 37 759 240 408 930 993 682 362 723 473 432 939 676 586 2 32 703 634 234 69 921 10 222 722 877 148 392 37 592 603 666 759 56 844 250 919 161 100 656 227 373 748 721 52 740 337 513 958 616 337 532 687 770 776 684 814 292 813 973 365 976 117 823 917 527 317 347 943 876 694 363 246 616 236 458 642 193 844 993 324 231 768 608 627 613 438 623 184 361 493 96 203 896 584 284 642 487 864 948 142 898 41 513 908 28 774 698 827 864 361 479 874 195 877 985 413 711 391 815 111 753 943 371 300 73 364 117 671 508 779 639 480 449 928 9 194 452 772 999 4 349 359 740 72 400 296 997 113 626 610 277 706 133 794 533 600 651 190 2 847 203 358 786 852 917 610 314 649 832 192 434 691 982 294 78 293 92 744 285 982 403 480 356 700 21 110 153 790 879 792 752 366 681 801 387 619 319 785 332 683 721 376 113 772 297 358 499 287 416 541 906 527 21 753 161 893 979 241 826 354 103 499 381 832 966 210 753 702 889 750 195 669 479 385 508 178 689 661 130 757 822 320 893 200 690 834 889 304 266 966 518 656 344 660 819 0 724 370 128 195 566 731 630 381 502 520 173 139 534 527 343 873 906 501 158 465 465 304
15
28
39
65
81
87
92
103
105
193
193
200
202
218
232
232
249
252
271
282
297
297
305
310
321
332
350
375
386
394
404
404
407
440
458
460
463
476
481
482
492
494
501
505
515
518
567
572
581
583
588
598
603
604
619
621
638
639
646
665
668
686
686
707
711
712
714
722
726
784
784
797
805
805
820
833
835
843
877
892
899
900
906
915
923
927
931
935
935
936
942
943
947
948
953
956
961
973
980
 
